150 152 84 3 89 105 37 23 117 72 165 91 85 34 53 123 155 28 162 97 167 116 22 82 29 80 54 86 45 35 113 110 33 141 130 13 156 109 158 140 161 103 124 44 47 93 38 163 131 63 128 168 42 112 11 66 88 147 169 10 170 136 118 24 137 99 121 69 46 87 77 142 60 30 43 2 7 151 8 174 79 59 36 75 149 21 90 120 107 57 106 73 135 148 153 40 78 95 19 98 17 134 126 15 127 5 144 111 143 138 56 49 114 41 81 115 129 16 48 102 164 4 58 176 83 145 160 55 50 132 154 20 101 157 18 31 71 52 119 51 139 172 76 32 61 92 1 9 133 70 104 62 171 175 173 12 122 166 159 6 125 74 146
LCN8 0 0.000835336583700397 0.00479173750644745 0.00779433887842574 0.0146475164993567 0.385978157545371 0 0.552196471323363 0 0.0101374511389344 0.00225969108277164 0.297834858380102 0.35155631186157 0 0.317251038069004 0.00754232866466403 0.378842665102619 0.00580905135826072 0 0 0 0.0106881577515976 0.00618678341112104 0.237954498223109 0.00248516496231594 0.00316165410681053 0 0.384440841026764 0 0.0101761105831639 0.00767707723052438 0.0116060967902267 0.267274209995026 0.0152281478136361 0.00158370719627981 0.31566506603306 0.363247785024832 0.0233952683154904 0.0131459066992274 0.00509888784317078 0.349019604785019 0.0174966609567678 0.0128127744987338 0.00194484554319514 0.311965388138225 0.00649737946219427 0.009245113547428 0.0158656715976104 0.00291269978659066 0.0022075088590698 0.33832916368556 0.4009845840678 0.282316392189317 0 0.00130193229904387 0.35289101886199 0.00702625204554933 0.340341594164597 0.0050184078826676 0.00256123925655896 0.00325531954296924 0.00451386199478075 0.00950972462392706 0.339835564762676 0 0.00281448071744328 0.00717257672616874 0.589732228085328 0.00316239013618988 0.00702857322612649 0.0119629362509126 0.00941477676803417 0.375167264739023 0.00187870447542094 0 0 0.346282214846315 0 0 0.0164406441994553 0.00196951440620937 0.00442312233434901 0.00617122797200205 0.0136902098592571 0.00458172632250515 0.00230489579420132 0.245438879283735 0.0221317475277197 0.0191362991774645 0.00296549123785432 0.0122043445408648 0 0.348077554398329 0.00604799733338614 0 0.318077083632912 0.0069997179852883 0 0.00498641368052579 0.00346207337970848 0.33725221367469 0.259328120331784 0.00785863646005347 0.343113080010396 0.00428046407357314 0.0106207711309204 0.0104432168208328 0.00171304866229568 0.340797133727762 0 0.00245779090918896 0.00264196436492113 0.00785497294664523 0.208860545150482 0.00302277647430301 0.00211855766185513 0.00186785628734854 0.0320202621039059 0.369327132200628 0 0.0128485737404747 0 0.00566194054823374 0.00710791297077507 0.0029739432955353 0.356246224945875 0.348260893502964 0.349904837454748 0.367592283702995 0.011621333837261 0.404408068550153 0.00347916363731513 0.0123607982605292 0.328104921472137 0.00897469954196137 0.012709650618286 0.00953217089429771 0.00287851268523069 0.0182212836002438 0.0102280342329469 0.369210264493902 0.0294712672766983 0.00456662870854158 0.329164077530474 0.276129287354131 0.00957967577589716 0 0.380605922686626 0.385134479001691 0.00551562117478012 0.0103050390653566 0.463322181560836 0.415242681487805 0.00678420367959766 0.298875991425772 0.313778319766218 0.00319630204800592 0.00535787548659727 0.301393413835156 0.220285822570596 0.0084587531163625 0 0.00952791298384526
XRRA1 0.929843246997648 0.657980156055508 0.719556095076224 0.808276896644142 1.15741124038134 0.632546645185558 0.491343968432619 0.642461107655843 0.687587235163532 0.908668259185901 0.924883933380613 1.13439960574318 0.7730144146422 1.11053038329002 0.290721920890316 0.882553172509934 0.982933883923494 1.11020035870912 0.85153684538028 1.06981284153709 0.722507226756603 1.00944030268584 0.42380290354696 0.604771003429458 0.753241696212585 0.870941007997309 0.710484334578287 0.811311627615177 0.780170479425233 0.390231682624971 0.795931046355461 0.777138907149819 0.405069997755311 0.315927040452475 0.341418175619818 0.884862634010703 1.03451202042055 0.765890494136368 0.983789592577025 0.631578022747724 1.01624423370748 0.331810142188816 0.612319200952212 1.07537868644494 0.442461041412219 1.01286677665235 0.873964979962857 0.983297733034755 0.611998648658704 0.327289551148009 0.958810530166382 1.08332577051319 1.17559926875187 0.789050604182745 0.449132489249514 0.263325263668397 0.851286963952814 0.377318609031027 0.723481177879576 0.416697681113929 1.08676235786787 0.231073578279408 0.929217993029887 1.0392183623679 0.287763274509476 0.689052188309492 0.594692611426745 0.468109944342228 0.8539553070469 0.435407883692022 0.461114097193501 0.613147423989084 0.366116971186442 1.11929000435608 1.10920122173269 1.09946612209042 0.783444862072421 0.705445666793675 0.78256496467154 0.963867681250421 0.478568565823029 0.706593555172137 0.74145937413962 0.764932114708028 0.661644595689124 1.06843700354747 0.92059541823783 0.756865500281024 0.703658391961771 1.11823725199611 0.86230637990175 0.379603841947097 0.655681440749943 0.671228277874609 0.596545573253181 0.38327825635418 0.441860587232247 0.964865313001553 1.05508388403232 0.313634101070646 0.947861806507828 0.649474544260674 0.294451025990623 0.68942715261277 0.59790171919794 0.727031374325976 0.295522803926874 0.689726104947009 0.97485427320518 0.973701788758465 0.696857506188024 0.675864292206093 0.65802113818787 0.80290674257681 0.683113645998279 0.656665821749582 0.588843053109147 0.796223581778852 1.12648620881129 1.05360891456115 0.783085012063061 0.735601109492881 1.03768627707287 0.808268302979645 1.02153452021194 0.890320597793372 0.34713874175301 0.641497798172288 0.66096069302238 0.647028352548978 0.758679839406845 0.365768628270745 0.357860667870824 1.04939507740678 0.790048551137169 0.420166000036151 0.726572831269601 0.778191857381357 0.945958545487272 0.632043078191566 0.657155579313743 1.09954814797193 0.62915953882184 1.15239185083981 0.405512597585313 0.788179398437402 1.05625013786019 1.20354665479174 0.987079561681681 0.801508556160014 0.707439811906021 0.771672872420269 0.68897607428334 1.09018366984375 0.697132063221034 1.20553860522735 0.27839312878696 0.9208017848732 0.376078644436714 1.35775018213499 0.692080101735351 0.352432513611764 0.65036647281041
RPS26 3.75758024878076 3.62777954957787 1.7867880923582 1.51533265465204 1.51192591894599 4.2482093202248 3.53610596480774 3.61359805692618 3.74440879092884 4.58672104034856 3.73813494613012 3.94578092485175 1.70226602288462 1.30102702634736 1.6807753241364 1.75092059222751 1.23649067684641 3.59922287431568 3.32844826688132 3.64330155607509 3.75919403630624 4.53169437922444 3.52212508093537 1.81944521049163 3.69921870686517 1.88957748779291 4.00139633911856 1.67040416257 1.527490727321 3.33698019543093 4.07586820434532 1.9686589719111 3.26374099547584 3.93786901716564 1.5975688544845 1.36521703286066 1.19004294618108 4.13730294676706 1.2363011091478 1.50153035610281 3.50592479780318 5.02346503658665 4.02050076831049 1.48962749963037 4.30822069254189 4.00521907892282 1.27038280853934 1.21893839163049 3.88513023355339 1.54321110633063 4.04918366319871 1.5103976575751 3.76255175154449 4.16869047876964 3.35300706152391 1.48818577428997 1.6239631814215 3.63688002414818 1.70911221714725 1.30902539120609 4.85662356780425 4.01498134765441 3.80705023490444 3.46755269116999 3.91916785034924 4.81974933753698 4.11202725130224 1.56439950065271 3.28568992155817 4.07937662334842 4.13933213470802 1.66568982931714 4.54785932955293 1.41139946014977 1.45652800799128 3.63402831031949 4.20392999039711 1.42799084348759 4.25641675143744 4.74450754510527 4.23827819099066 1.48346615854905 3.40539963114632 1.57218145794481 1.60049756397964 1.38283402439419 1.58438830838352 1.35851652996517 1.88523871200709 3.4263561345896 4.29087719926206 1.55067522414985 1.66478817979443 4.41636420817175 1.42377267874227 3.59320736371201 1.98417817784116 1.84277041451033 4.27300032343535 4.87083427045521 3.70805582107908 3.87375583901044 3.98549488515664 3.68293384365431 1.81247963884679 1.44907816176802 3.58867026426943 1.76018755986877 1.64350513735612 1.67651604232689 3.59224224435479 1.51690660277459 1.68750052513351 1.57569619106227 4.91116017303935 4.12921618785281 4.12205021506815 4.43952833316681 3.54221454119081 3.84338198428443 1.14543403937311 3.67485279973768 3.44416133051386 3.75588572622938 4.27654856974514 3.57524331436107 3.50349567548487 3.58548248253916 1.58111033985064 3.93476879213408 1.25254294402605 4.50913141825935 1.75824741442896 1.06451311253969 3.72415909101863 1.24301740832851 4.48279183473532 3.87726952781578 3.79472442290649 3.81947347235514 1.52798633527993 1.64445770095009 1.72510388908336 3.20561190858064 4.43942992073576 1.67952079757705 3.62636565158275 1.46751687038215 3.98825613444702 1.56396429481485 4.25644266720699 1.54156689485182 1.7588623370207 3.90192897319235 4.01765153442948 1.35283974435581 1.79682941241581 3.46848135798714 1.37715352516013 3.50552410466173 1.6631140687218 3.81836899618709 3.61654716119615
AC023590.1 0.113294092224153 0.111596850874573 0.139767609861944 0.134414696350237 0.208300360951032 0.461810022027321 0.365910030738158 0.0685288847897342 0.579203849996606 0.340053242336212 0.102719510846309 0.188108348449523 0.387443728826096 0.582893327499387 0.0609589600042537 0.358487991259435 0.170330059262723 0.412240296971392 0.0986354677382677 0.17760822061871 0.189342945925856 0.318900950294063 0.0645762540964943 0.0967204619104974 0.429767920228766 0.242915807035702 0.312600780958369 0.0642736315756322 0.216849337745834 0.089581901130458 0.0500846279170118 0.395426889887653 0.169732759803908 0.0417292457551736 0.0745934299998518 0.0623398599780183 0.110472805690617 0.101555384917229 0.48465593013245 0.038804735974025 0.111417452926362 0.597206809598155 0.204291654115676 0.127164552440687 0.257162705457237 0.166753808461568 0.198061463591408 0.394988901322793 0.0722444222664316 0.14782676752884 0.447306658228669 0.0475901262826018 0.0831457698736834 0.495555736504455 0.155458162511793 0.0450445257665781 0.162103641833214 0.121957654982075 0.215644212256622 0.41563466067058 0.0814148554648906 0.246383441867643 0.0868117450756015 0.451197494673149 0.0756487568095653 0.105629833556796 0.087214315031483 0.333154394673369 0.77717117118168 0.362022592956069 0.0493696910558851 0.266436797270476 0.104992538525909 0.143268761154397 0.104708988201339 0.501757143616788 0.155454582029464 0.357023107172314 0.150133016336464 0.0733715817205343 0.378154959914175 0.351376154620337 0.172620221261132 0.109096063707182 0.295739494849637 0.110447227078155 0.185858233422571 0.0961547899661789 0.427002251752245 0.102618794651235 0.0964910991398998 0.405747948381949 0.0827986772546469 0.0995061323618048 0.133995449750398 0.325126794401617 0.116120385061027 0.0837988569499076 0.457184088141993 0.175292633714318 0.11287861186513 0.0576030322047959 0.232786295004096 0.218168061062338 0.444200011216965 0.20257860391572 0.264543072628003 0.107083919012618 0.0710663670705038 0.0746948663281808 0.168209477271326 0.302424992555927 0.134092059842946 0.333568638210487 0.14969760702995 0.115735657735797 0.0696297641731136 0.132633355415205 0.165642609086583 0.0609105706805821 0.103276771461359 0.111158241148325 0.353629735064053 0.0499393897737477 0.349336949856588 0.199858551421673 0.0639004353143331 0.302989550397543 0.102888433188009 0.10705564548391 0.255800394850319 0.0723662758755229 0.107074447991122 0.149781147445343 0.497853542028452 0.0980825571025785 0.335964677325268 0.285219976299279 0.0851846608430458 0.069984278509703 0.232028248928551 0.090203349864108 0.382051653724983 0.176749673145702 0.120940881128679 0.187698097374013 0.147899181955428 0.5134376835972 0.0413473013144476 0.0870034935201396 0.127147496116527 0.090892960485189 0.0943743678786564 0.0638113079795595 0.159870162966253 0.318246274136141 0.115610100971317 0.118474520953941 0.411362961188477 0.139077275692754 0.0594869089394991 0.117373858247544 0.0917896315032806
BRD7 1.03218154576605 1.03124931059015 0.989927020232145 1.36747394226883 1.02782333709954 0.775131599440854 0.830943571897611 1.10797081567499 0.885078412426019 0.825170173816614 1.00617299062694 0.924717379201201 0.842102655145597 1.1502524952556 0.825809090656015 1.06748532185813 0.726427418005355 1.10644512946885 0.654955329553001 0.999332983100449 0.732772244252251 0.82222557079303 1.29982552996373 1.1836126671627 1.10846064731109 1.16670671480954 0.659605904671636 0.970013003958979 1.38194574381156 0.934545202719197 1.2897121687232 0.958764917081629 0.865713262476299 0.940448653482397 1.10772128862794 0.852281133543535 0.875163588667306 0.881081745028613 1.03201856162933 0.892082503534559 0.806901406239521 1.15964448465159 0.887630148457364 0.989042799578141 0.914438101126629 0.993314141712042 1.08997677609346 0.802408338253879 1.09152392298688 1.00759065828003 1.23812997828111 1.39772659040652 0.730557826843137 1.07585898508944 1.35561906829379 1.04987471653583 1.19282834606271 1.05033410001211 0.886311231896175 0.860377035539943 0.820302614163952 0.852252078156468 1.07212499697031 0.92715981655148 1.07789101767678 0.8589135275747 0.897159081258972 0.820206041057734 0.87617091403231 0.94704557681453 0.911216964252755 1.09042776792878 0.806658764903909 1.08708944894945 0.84004391225026 1.32106028465297 0.843419318171228 0.836571029072938 0.816146857025385 1.1275065910345 1.25371528807918 0.665348767536065 0.847181870348171 1.06640342757484 0.730280176471049 0.813209893923229 1.20378343292772 0.893126474815408 0.883760981396039 0.859540331285193 0.989597579719461 0.837544831768518 1.10412672971739 0.753602742191772 1.01353480803839 0.859747183575628 0.897458063013908 0.996213394522057 1.23179540262567 1.11285275778731 1.08344540339474 0.904211509222396 1.1382017919208 0.803192594157227 1.07699063674355 0.797994068734727 0.792079225415211 1.1763849377025 0.924214021411396 1.09937341599401 0.8351771505723 0.662343713831916 1.21111274077141 1.23308861544818 0.979708261054838 1.18811710403232 1.19325500370494 0.841471203043918 0.803277402325898 0.89844381133909 0.982352117643782 0.852476361042401 0.802407993107154 1.24234186970828 0.902939081457462 0.862540313961737 0.729312569588666 1.02924930799839 1.03238386268536 0.852530938096575 0.733797155130224 1.15144830834248 1.28595774814811 0.794224472600768 0.801065043171165 0.915816982323165 0.872764200616471 0.778326029249162 1.09916727407697 1.24370599401414 0.908299064905081 1.15973709266177 0.853187177399119 0.815985922360515 0.740149312769157 1.0235342410094 0.725303895008764 1.13032035774863 0.851858820242572 0.906559066692257 0.896471917863898 1.1485474900191 0.84316543827365 1.14362462519517 0.867477745632908 1.20008365933887 0.837528085799229 0.957858461695287 0.814576354349936 0.833684029608804 0.841322283821328 1.12229964634248 0.827463562937403
SMDT1 1.68641407242069 1.62348948546616 1.18591604522688 1.49422624675042 1.01382143839599 1.77122286152652 1.64933852808481 1.23631184005998 1.62989696827589 1.68880286923875 1.45704440165133 1.54600739685951 1.44368285548144 0.613642848343218 1.21074000285084 1.7226882089462 1.62434434684215 1.0965709620545 1.57407139593784 1.1495617732812 1.55724451126176 1.27209494855074 1.62607038105171 1.57229602983863 1.5156724110196 1.5680834538747 1.17926189157625 1.41598483408472 1.72112088933116 0.619183938949574 1.53783613550094 1.63394796266576 1.15681542252005 1.54659647791082 1.21367138487531 1.19803648280422 1.59120992537525 1.7312263111869 1.49489030573776 1.5503679812459 1.58345841659966 1.29660097992125 1.68647103269197 1.55157696493856 1.46476546632931 1.09117999580887 1.67407349123777 1.24738706084031 1.49017344597564 1.81772262834818 1.6749174358497 1.45899496678796 1.61153862338472 1.76986739676243 1.15906206496726 1.69706915735607 0.922282506754645 0.704825218181454 1.43844726723538 1.09792265265195 1.42364465701297 1.58811733815916 1.27934107746976 1.5451795447152 1.58035214100056 1.30919293979624 1.77904410791258 1.72920353637668 1.38645444651735 1.57531031998954 1.5130448566969 1.15470007947049 1.73650598331993 1.20185821378609 1.54527777831545 1.25872977117518 1.56587536118312 1.50618044194989 1.18056707603641 1.40983910591366 1.53110673809345 1.58535342164625 1.57364608969289 1.797109443268 1.62012180911226 1.46701789881411 1.32353386284329 1.62808248264896 1.32202625924473 1.48860963627414 1.69078438986166 1.7558847077775 1.69181602706482 1.58138817540865 1.27217228141347 1.42254828230263 1.22637176625036 1.51018852629358 1.15437838439065 0.536923213855376 1.67001465465758 1.25991060180226 1.26186020386038 1.55983864957688 1.30060825363915 1.49069562458411 1.57428769826805 1.80592685777344 1.19295473171828 1.05641197870256 1.57334306483576 1.32075022095869 0.641989810564108 1.64091049260638 1.52114823278852 0.997605261953515 1.65619625102601 1.176891262659 1.48419906126261 1.29423349277147 1.23312336717239 1.47689814508432 1.57104484695093 1.34924133514646 1.47569861662007 1.50873995529743 1.15071075309956 1.27574401383353 1.72787808779981 1.54351964102564 1.57937694179628 1.53070381245979 1.46322569082782 1.67994854110026 1.81179986307847 1.53271701904389 1.71259742182438 1.43579137137523 1.80945197865451 1.26266766354821 1.49573617197516 1.47315310101774 1.61767898385038 1.15683941114063 1.1837372129031 1.60906237892857 1.63034801124549 1.56446305775074 1.24352143967028 1.37906061970011 1.78565640236698 1.24350371656248 1.48430786732431 1.07123991621801 1.48235634974724 1.37941353580354 1.78487443142382 1.46821086419573 1.25329676496528 1.39128555104731 1.71683641301763 1.67629887881052 1.5741627724672
AC009509.1 0.0221582978111028 0 0.0206669316187922 0.0119245458627745 0.0453527239587938 0.0045322624556367 0.113189649504527 0 0.0330904117736039 0 0.00378171456872273 0.00640738648734711 0.0315012378357975 0 0 0.0285887444917167 0 0 0 0 0.00906152631587161 0 0.0265909755415632 0 0 0 0 0.00145337159827149 0 0 0.00401884435357635 0 0 0.0231458458598316 0 0 0.0299420435725334 0.0507596840590201 0.0241628588320225 0 0.0414492144048207 0 0.0288773148272256 0.00173053272849066 0.000925290914495337 0.00471914789450618 0.0177480825166293 0 0 0.0543975371419801 0.0031352657307558 0 0 0 0 0 0 0.019714839485241 0.00435822705441207 0 0.00203718221263308 0 0.0204785947124912 0.00933810619586977 0 0.00266231442249492 0 0.00764591343726657 0.00420053628837831 0 0.00496525532160068 0.0244969025404785 0.00477554463720234 0.0399967412904788 0.0442815862000404 0 0.00207797675532888 0 0.0121717308930998 0 0.0568054441599374 0 0.0328901744226074 0.00233044067005907 0 0.0224247064134229 0.00409492189379776 0 0.00454242411344284 0.0452663444744228 0.0535326086127739 0.0381150897777715 0 0.000653804146586512 0 0 0 0.00200224176198837 0.065413078630686 0 0 0.033894296173513 0 0.0306022272847659 0.0363927063997812 0.00475602336222974 0.036258436489414 0 0.00616073293941736 0 0 0 0.0189408149679217 0 0.0587790322633729 0.0196971190662877 0 0 0 0.0286451928698464 0 0.0280337483244935 0.00495455200015362 0 0.0365388430556303 0.0552808630875248 0.0146933064556938 0 0 0 0.0282105173692146 0.00267176706231009 0.00189825616803799 0.0427754072803924 0 0.0557976966023997 0.00229566259727351 0 0 0.00794773454463331 0.00195443740007398 0 0 0 0.0567139655224399 0 0.0230949893451837 0 0 0.00551218226181539 0 0.0393621107157011 0 0.0668049689401198 0 0.0534359762388773 0.0144060684180485 0 0.000914575621905816 0 0 0.0283574772410643 0.039513089896601
SNHG5 1.56473330406142 1.34433526124302 1.18682674314187 1.64030341775899 0.964625189932268 1.33423836294802 1.22711616793642 0.966932858558115 1.65695462430264 2.03670805004439 0.759679608533833 1.61357771205916 1.64676655579554 0.923246229387355 1.77797553161437 1.7295149490739 1.39218959305792 1.45434648988865 0.997508659234811 0.992625918387277 1.17861683395711 1.68739522737599 1.55736950817856 1.81907980296464 1.37559795602269 1.20101635618414 1.45589388542256 1.20055779073371 1.77067861069757 1.28793531788019 2.00473301551921 1.90672566628483 1.52325791851573 1.82945225472949 1.13306638734626 1.56261626060518 1.29124209739479 1.81356710355922 0.753989141855519 1.60865516054764 1.3829370335062 1.19034932620806 1.66887124587173 1.47080667994147 0.931432994704562 1.10619102436901 1.40922750694321 0.986292128868335 1.07029900960367 1.27513017613808 1.80361027917127 1.73228441360956 1.80672149376337 1.89905630555048 1.4305502384919 1.15513352816471 1.08217024266082 1.36373828572611 1.32641920027287 1.34818797272555 0.846877591548779 1.66179973090403 1.86725601867073 1.47970552623745 1.73959820571341 1.61293225993238 2.17652738095786 1.99500843548623 1.7277480722194 1.1110848744356 1.13874278300293 1.21432875642957 1.70934805890394 1.40070598593195 1.464080098562 1.01419086478742 1.09594987722924 0.876930746266499 1.52063594381158 1.21071347587208 1.23639965534204 1.45630853797614 0.827997710792321 2.09827606177374 1.48556309241664 0.986854128853348 1.45784112223238 1.35808439821682 2.0439349255726 1.47343158854718 2.3579822829867 1.97533791018311 1.67034062073294 0.892130737672425 1.39610059714321 1.15859397225493 1.06730099991857 1.15390668247513 0.928460634523245 2.2933031064106 1.55847630136988 2.15698356586482 1.16400062547643 1.96110140629513 1.72765304543431 0.924144416450726 1.48666546714768 2.38511893968369 1.8745751491413 1.73403075400934 1.26683106787954 1.33678738267323 1.5741310050507 1.8701427772759 2.08579133501655 1.54703560015669 2.18744367480115 1.55447497271314 1.03118788069566 1.94512792861906 1.55418013373577 0.883870122047548 1.11963940565178 0.842182328687589 2.34291671215239 1.41916418427785 1.35580568496022 1.0501647655775 1.59015424720792 1.08735106843084 1.52841202016246 1.99154779528748 1.13429007904715 1.30310958980018 1.10616993347153 0.807757600086029 0.992334829329927 1.29582203271056 1.33576147426942 1.57635459373636 1.07842716517958 1.27952960774314 1.08869112415745 1.33961782036308 1.26207254459402 1.73903663545604 1.48703455845438 1.62437223848357 2.04497970044698 1.39004369202987 1.93386279333685 1.85198726611141 1.28310305235874 0.747862707517988 1.3260825054944 1.67894425978869 1.87242933822832 0.793101233344132 0.845269609174281 1.05442082708244 1.82665011560874 1.132444189118 1.06379234444405
SDHAF3 0.376312452861794 0.287450145189994 0.326878779425272 0.382831386420216 0.342767037014451 0.229326165603611 0.157117266329893 0.267343978406548 0.27316924414966 0.292785655685627 0.164218620970572 0.422392496790741 0.129095671450437 0.345301790090115 0.104673760418393 0.1291093433248 0.301259728077805 0.195083962382492 0.193604013910209 0.284687917176139 0.30382683008358 0.0802751203708632 0.199938993917401 0.1107211405844 0.427107783277984 0.347545239092479 0.160966164502769 0.341578645192507 0.211681283348342 0.401524888287688 0.327732751807737 0.201045268829989 0.330208503178647 0.157370664556776 0.147077883924022 0.228777120543722 0.302650619105086 0.476491346831143 0.142642954323043 0.165671750680094 0.517893292638741 0.312180212314113 0.135812346046012 0.104988860564866 0.154836810988133 0.265795777054396 0.155988111005658 0.267723394476638 0.174100558284863 0.622261326254655 0.472032630483457 0.284098389444466 0.243832684421776 0.328567524845464 0.215953144394843 0.406420422636295 0.167796072917457 0.402384543202441 0.177699910782414 0.303763262442635 0.169709156624365 0.260950840613271 0.154667229533152 0.394485656794707 0.183896627118323 0.109380486934223 0.184353139814705 0.449760712740343 0.196677179646331 0.178146645894696 0.358318524777348 0.441458952976448 0.142897408188585 0.269727687107597 0.182416442793661 0.262527562766255 0.157696154617391 0.328864240255699 0.215824999916727 0.440011230382222 0.207088796346076 0.408480573436435 0.169962684259898 0.639579072656446 0.261287907947777 0.140280852507316 0.20608948232511 0.498583312778941 0.18984934301627 0.21605488555858 0.40844850337708 0.17610689695572 0.257368886258151 0.180718817997638 0.162532999487741 0.28308702795642 0.317909477186703 0.126536012308714 0.225697541884723 0.304571024908679 0.188504277870917 0.213763110154112 0.15892435656745 0.217027976964027 0.303586965140568 0.150245579599305 0.187527115550038 0.185940537531958 0.340408052956341 0.200735858481395 0.249445285385883 0.112742109823149 0.091738129777056 0.165071828838218 0.350217805542687 0.0818613104386477 0.294086535418677 0.212640687437958 0.18331134692595 0.0984170718703283 0.355344945997025 0.267790605634606 0.343817553864678 0.706776439240695 0.247394993094861 0.207871392365088 0.302758748370131 0.34012905490296 0.126210899742742 0.269044455162235 0.144119456111911 0.164423952115386 0.158234798583235 0.187116415893416 0.666367539050652 0.199735052793832 0.49450628131874 0.319842519583685 0.139520370794276 0.332007788412958 0.300732016804255 0.559493704867086 0.165200295652602 0.139545243952418 0.426498536174376 0.571462124935237 0.13485995979084 0.353254971709005 0.316055281417845 0.479350746411387 0.384081245671905 0.40716913654856 0.36591223274344 0.545487275806327 0.338554821216915 0.663288647768644 0.168691540236848 0.163379660478616 0.301793280638333 0.143247533826813 0.341652409737235 0.146335477855179 0.404638142951106
C22orf34 1.24806726520771 1.25963473490881 0.672006048044153 1.07239220639397 0.591199023085253 0.961070265614896 0.945836056994845 1.09196733162791 0.793006444982577 0.897738936763728 0.509238873724916 1.55373785013298 0.427585232943017 0.889363263319141 0.891314663964627 0.69820851644609 1.55789456392134 0.908727805191046 1.15177723674884 1.53471988161967 1.60860654829286 0.360949298152957 1.35020178435885 1.11945157537328 1.01762452146873 0.872702869785694 1.07173280390092 1.23104674484652 1.24073777036911 1.15984547420445 1.1243408017055 0.951614661562696 1.44446322734892 1.18568296955631 1.22197277177856 0.575961889876051 1.42451763337449 1.15792025917582 0.932197852857658 0.886883837401804 0.948143154907936 1.18353460292239 0.630566092559002 0.829235349944108 0.693850458100681 1.04831341410831 0.524615749974411 0.924683132880096 0.919507223982501 0.705059968282425 1.0549540948982 0.461995851198803 0.239810293910956 0.295596894446198 1.0296153950784 1.19802951134455 0.550990119853241 1.0015768208256 1.34567838800275 1.37381064540382 1.13784560358809 1.18541794481981 1.03507006963735 1.19659087103181 1.25354621993508 1.31890050219987 0.731359484014714 1.11316587804051 1.59662780366167 0.905525232993452 0.836080653792832 0.655033478173146 1.25457078352559 1.26172500950165 1.34350122872794 0.814231278328553 1.378987685283 0.990987923953158 1.57611691353287 1.00445708968109 0.386485956708179 1.42796054649902 1.04410999689009 0.72278835691009 0.9606214117898 1.39277518434399 1.51917118929014 0.933495218778772 1.11645604866753 1.33401728207206 0.846366650830984 1.01672124988731 1.14251781880199 1.42364946524518 1.45233746304951 1.53343014254171 0.430511030563608 1.16432992756419 1.21438849589175 1.30713700773193 0.893895387144139 0.649841411497401 1.21607937121827 1.15425560527645 0.765165634496455 1.03357507344812 0.382436625199473 0.898317498190151 0.319619617644742 0.813401232275628 1.27048268989055 0.584706367154838 0.935100378461376 0.839546883477119 0.877130532130441 0.790494667802281 0.699941146903273 0.914349727176463 0.570520647712397 1.22440095920344 1.40016315937829 1.16472950157955 0.933859867516024 1.63164068633075 0.635841038045822 0.770163802380766 0.981879839354402 1.48878699000076 0.785147959888392 0.915595405040449 1.23933856479181 1.23330640349096 1.27082669649336 0.788312545124302 0.90284484932117 1.43837308591818 0.86726308957182 1.16731783608059 0.685319207445805 1.29434043156587 0.871036406808581 1.05112992982417 1.14137695021594 1.62862631158514 0.328608576339827 1.13600809465802 0.893574698082061 1.35389348505613 0.361382647809929 1.35525409809983 0.934780667946711 1.27820561994373 1.23716239415775 1.18258984979898 1.37104736367295 1.07319574475535 0.840359529106038 0.556812577870202 0.993255178814498 1.32593371473003 1.12101821593902 1.09229461614695 1.16427836156468
