150 152 84 3 89 105 37 23 117 72 165 91 85 34 53 123 155 28 162 97 167 116 22 82 29 80 54 86 45 35 113 110 33 141 130 13 156 109 158 140 161 103 124 44 47 93 38 163 131 63 128 168 42 112 11 66 88 147 169 10 170 136 118 24 137 99 121 69 46 87 77 142 60 30 43 2 7 151 8 174 79 59 36 75 149 21 90 120 107 57 106 73 135 148 153 40 78 95 19 98 17 134 126 15 127 5 144 111 143 138 56 49 114 41 81 115 129 16 48 102 164 4 58 176 83 145 160 55 50 132 154 20 101 157 18 31 71 52 119 51 139 172 76 32 61 92 1 9 133 70 104 62 171 175 173 12 122 166 159 6 125 74 146
9:136753846:G:A 0 0 0 0 0 1 0 1 0 0 0 1 1 0 1 0 1 0 0 0 0 0 0 1 0 0 0 1 0 0 0 0 1 0 0 1 1 0 0 0 1 0 0 0 1 0 0 0 0 0 1 1 1 0 0 1 0 1 0 0 0 0 0 1 0 0 0 2 0 0 0 0 1 0 0 0 1 0 0 0 0 0 0 0 0 0 1 0 0 0 0 0 1 0 0 1 0 0 0 0 1 1 0 1 0 0 0 0 1 0 0 0 0 1 0 0 0 0 1 0 0 0 0 0 0 1 1 1 1 0 1 0 0 1 0 0 0 0 0 0 1 0 0 1 1 0 0 1 1 0 0 1 1 0 1 1 0 0 1 1 0 0 0
11:74900390:C:T 0 1 1 1 0 1 2 1 1 0 0 0 1 0 2 0 0 0 1 0 1 0 2 1 1 1 1 1 1 2 1 1 2 2 2 1 0 1 0 1 0 2 1 0 2 0 1 0 1 2 0 0 0 1 2 2 1 2 1 2 0 2 0 0 2 0 1 2 1 2 2 1 2 0 0 0 1 1 1 0 2 1 1 1 1 2 1 1 1 0 0 2 1 1 1 2 2 0 0 2 0 1 2 1 1 1 2 1 0 0 1 1 1 1 1 1 1 1 0 0 1 1 0 1 0 0 2 1 1 1 1 0 2 0 1 2 1 1 0 1 1 0 1 0 2 1 0 0 0 1 1 1 1 0 1 0 2 1 2 0 1 2 1
12:56007301:G:A 1 1 0 0 0 1 1 1 1 2 1 1 0 0 0 0 0 1 1 1 1 2 1 0 1 0 1 0 0 1 1 0 1 1 0 0 0 1 0 0 1 2 1 0 2 1 0 0 1 0 1 0 1 1 1 0 0 1 0 0 2 1 1 1 1 2 1 0 1 1 1 0 2 0 0 1 2 0 2 2 1 0 1 0 0 2 0 0 0 1 1 0 0 2 0 1 0 0 2 2 1 1 1 1 0 0 1 0 0 0 1 0 0 0 2 1 1 2 1 1 0 1 1 1 1 1 1 1 0 1 0 0 0 0 1 0 2 1 1 1 0 0 0 1 2 0 1 0 1 0 1 0 0 1 1 0 0 0 0 1 0 1 1
8:118599237:A:G 0 0 0 0 0 1 1 0 2 1 0 0 1 1 0 1 0 1 0 0 1 1 0 0 1 1 1 0 0 0 0 1 0 0 0 0 0 0 2 0 0 2 1 0 1 0 0 1 0 0 1 0 0 2 0 0 0 0 1 1 0 1 0 1 0 0 0 1 2 1 0 1 0 0 0 1 0 1 0 0 1 1 0 0 1 0 0 0 2 0 0 1 0 0 0 1 0 0 1 0 0 0 1 0 2 0 1 0 0 0 1 1 0 0 0 0 0 0 0 0 0 0 1 0 1 1 0 1 0 0 1 0 0 0 1 0 1 1 0 0 1 0 1 0 0 0 0 1 0 0 0 0 0 0 1 1 0 1 1 0 0 0 0
16:50319799:A:G 1 1 0 2 0 0 0 1 0 0 1 0 0 1 0 1 0 1 0 0 0 0 2 1 1 1 0 0 2 0 1 0 0 0 1 0 0 0 1 0 0 1 0 1 0 0 1 0 1 1 2 2 0 1 2 1 1 1 0 0 0 0 1 0 1 0 0 0 0 0 0 1 0 1 0 2 0 0 0 1 1 0 0 1 0 1 1 0 0 0 0 0 1 0 1 0 0 0 2 0 1 0 1 0 1 0 0 1 0 1 0 0 1 2 0 1 1 0 0 0 1 0 0 2 0 0 0 1 1 0 0 0 1 0 0 0 0 0 1 2 0 1 0 0 0 0 0 1 0 0 0 1 0 1 0 2 0 0 0 0 0 1 0
22:42004412:A:G 0 0 1 0 1 0 0 1 0 0 0 0 0 2 1 0 0 1 0 0 0 0 0 0 0 0 1 0 0 2 0 0 1 0 1 1 0 0 0 0 0 1 0 0 0 1 0 1 0 0 0 0 0 0 1 0 1 2 0 1 0 0 1 0 0 0 0 0 0 0 0 1 0 1 0 1 0 0 1 0 0 0 0 0 0 0 0 0 1 0 0 0 0 0 1 0 1 0 1 2 0 1 1 0 0 0 0 0 1 1 0 1 2 0 0 1 0 1 0 0 1 0 0 0 0 0 0 1 0 0 0 0 0 0 0 0 0 0 0 1 0 0 0 1 1 0 0 0 1 1 0 1 0 1 0 0 0 0 1 0 0 0 0
12:27710598:T:C 1 0 1 1 1 0 2 0 1 0 0 0 1 0 0 1 0 0 0 0 1 0 1 0 0 0 0 0 0 0 0 0 0 1 0 0 1 0 1 0 1 0 1 0 0 0 0 0 0 1 0 0 0 0 0 0 0 1 0 0 0 0 1 1 0 0 0 0 0 0 0 1 0 1 1 0 0 0 1 0 1 0 1 0 0 0 0 0 0 1 1 1 0 0 0 0 0 0 2 0 0 1 0 1 1 0 1 0 0 0 0 0 1 0 2 1 0 0 0 1 0 1 0 0 1 1 1 0 0 0 1 0 0 1 0 2 0 0 0 0 0 0 0 0 0 0 1 0 0 0 0 1 0 2 0 1 1 0 0 0 0 1 1
6:85678170:G:T 1 1 0 1 0 0 1 0 1 2 0 1 1 0 1 1 1 1 0 0 1 1 1 1 1 0 0 0 1 1 2 1 1 1 0 1 1 1 0 1 1 0 1 0 0 0 1 0 0 0 1 2 1 1 1 0 0 1 1 1 0 1 2 1 1 1 2 2 2 0 0 0 1 1 1 0 0 0 1 1 0 1 0 2 1 2 1 1 1 1 2 2 1 0 1 0 0 0 0 2 1 2 0 2 1 0 1 2 1 1 0 0 1 1 2 1 2 1 0 2 2 0 0 0 2 1 1 0 1 0 1 0 0 1 0 0 0 0 1 1 0 1 0 1 0 1 1 1 2 1 1 2 1 0 1 2 1 0 0 0 1 0 0
7:97096401:T:G 2 1 1 1 1 0 0 1 1 0 0 1 0 1 0 0 1 0 0 2 1 0 0 0 1 2 0 1 0 1 1 1 1 0 0 0 1 1 0 0 2 1 0 0 0 1 0 0 0 2 2 1 1 1 0 1 0 2 0 1 0 1 1 1 0 0 0 1 1 0 1 2 0 0 0 1 0 1 0 1 0 2 0 2 1 0 0 2 0 0 2 0 1 0 0 0 1 0 0 1 0 0 0 0 1 0 0 0 1 0 1 0 0 0 1 0 1 0 0 0 1 1 1 2 1 0 1 1 0 1 0 0 0 0 2 0 1 2 0 1 1 2 0 0 1 2 0 1 1 1 1 2 1 2 1 2 0 1 1 0 1 0 1
22:49654030:C:G 0 0 1 1 2 0 1 1 1 1 2 0 2 1 1 1 0 1 1 0 0 2 0 0 1 0 0 0 0 1 0 1 0 0 0 1 0 0 1 1 1 0 1 1 2 0 2 1 1 1 0 2 2 2 1 0 2 1 0 0 1 0 0 0 0 0 1 0 0 1 1 1 0 0 0 1 0 1 0 1 2 0 1 1 1 0 0 1 0 0 1 0 0 0 0 0 2 0 0 0 1 1 0 0 1 0 2 1 2 1 0 2 1 1 1 1 1 1 2 1 0 1 1 0 0 1 1 0 1 1 0 0 0 1 1 0 1 0 1 0 1 1 0 0 2 0 1 0 2 0 0 0 0 1 0 1 0 2 1 1 0 1 0
